[[1309.0, 8.0, 22.0, 46.0, 31.0, 584.0], [2.0, 683.0, 18.0, 7.0, 53.0, 1237.0], [41.0, 38.0, 1012.0, 32.0, 55.0, 822.0], [14.0, 9.0, 38.0, 570.0, 23.0, 1346.0], [4.0, 37.0, 13.0, 21.0, 1063.0, 862.0]]
correct classify count = 4637.0
accuracy = 46.37%
confusion matrix : 
[[1309.0, 8.0, 22.0, 46.0, 31.0, 584.0], [2.0, 683.0, 18.0, 7.0, 53.0, 1237.0], [41.0, 38.0, 1012.0, 32.0, 55.0, 822.0], [14.0, 9.0, 38.0, 570.0, 23.0, 1346.0], [4.0, 37.0, 13.0, 21.0, 1063.0, 862.0]]
precision: 
[0.6545, 0.3415, 0.506, 0.285, 0.5315]
recal: 
[0.1309, 0.0683, 0.1012, 0.057, 0.1063]
memory usage: 92740.0 KB
classify time: 12377