[[1745.0, 35.0, 46.0, 112.0, 62.0, 0.0], [3.0, 1811.0, 47.0, 15.0, 124.0, 0.0], [68.0, 137.0, 1571.0, 139.0, 85.0, 0.0], [41.0, 212.0, 91.0, 1521.0, 135.0, 0.0], [11.0, 153.0, 19.0, 39.0, 1778.0, 0.0]]
correct classify count = 8426.0
accuracy = 84.26%
confusion matrix : 
[[1745.0, 35.0, 46.0, 112.0, 62.0, 0.0], [3.0, 1811.0, 47.0, 15.0, 124.0, 0.0], [68.0, 137.0, 1571.0, 139.0, 85.0, 0.0], [41.0, 212.0, 91.0, 1521.0, 135.0, 0.0], [11.0, 153.0, 19.0, 39.0, 1778.0, 0.0]]
precision: 
[0.8725, 0.9055, 0.7855, 0.7605, 0.889]
recal: 
[0.1745, 0.1811, 0.1571, 0.1521, 0.1778]
memory usage: 92704.0 KB
classify time: 12246